<?xml version="1.0" encoding="UTF-8" standalone="no"?>
<!DOCTYPE svg PUBLIC "-//W3C//DTD SVG 20010904//EN"
              "http://www.w3.org/TR/2001/REC-SVG-20010904/DTD/svg10.dtd">

<svg xmlns="http://www.w3.org/2000/svg"
     width="12.4778in" height="5.45556in"
     viewBox="0 0 1123 491">
  <path id="Imported Path"
        fill="none" stroke="black" stroke-width="1"
        d="M 260.90,261.63
           C 260.90,261.63 260.90,76.44 260.90,76.44
             260.90,76.44 75.62,76.44 75.62,76.44
             75.62,76.44 75.62,261.63 75.62,261.63
             75.62,261.63 260.90,261.63 260.90,261.63 Z
           M 87.03,253.93
           C 87.03,253.93 264.61,76.44 264.61,76.44
             264.61,76.44 272.30,76.44 272.30,76.44
             272.30,76.44 87.03,253.93 87.03,253.93 Z
           M 461.49,84.39
           C 461.49,84.39 646.83,-100.83 646.83,-100.83
             646.83,-100.83 465.99,-100.83 465.99,-100.83
             465.99,-100.83 280.64,261.88 280.64,261.88
             280.64,261.88 461.49,84.39 461.49,84.39 Z
           M 296.48,261.88
           C 296.48,261.88 843.51,261.88 843.51,261.88
             843.51,261.88 660.42,78.90 660.42,78.90
             660.42,78.90 296.48,261.88 296.48,261.88 Z
           M 1034.05,70.95
           C 1034.05,70.95 1034.05,76.44 1034.05,76.44
             1034.05,76.44 673.36,76.44 673.36,76.44
             673.36,76.44 1034.05,70.95 1034.05,70.95 Z
           M 1047.38,261.89
           C 1047.38,261.89 1047.38,76.69 1047.38,76.69
             1047.38,76.69 862.10,76.69 862.10,76.69
             862.10,76.69 862.10,261.89 862.10,261.89
             862.10,261.89 1047.38,261.89 1047.38,261.89M 640.49,324.93
           C 633.55,324.93 624.63,327.94 617.43,332.52
             614.29,327.41 608.79,324.93 601.05,324.93
             594.12,324.93 585.21,327.94 578.14,332.39
             578.14,332.39 574.60,326.24 574.60,326.24
             574.60,326.24 561.49,326.24 561.49,326.24
             561.49,326.24 561.49,392.97 561.49,392.97
             561.49,392.97 581.15,392.97 581.15,392.97
             581.15,392.97 581.15,342.07 581.15,342.07
             584.69,341.28 588.49,340.89 591.63,340.89
             599.88,340.89 601.19,342.59 601.19,354.76
             601.19,354.76 601.19,392.97 601.19,392.97
             601.19,392.97 620.84,392.97 620.84,392.97
             620.84,392.97 620.84,346.91 620.84,346.91
             620.84,345.21 620.71,343.64 620.57,342.07
             624.11,341.28 627.91,340.89 631.06,340.89
             639.31,340.89 640.62,342.59 640.62,354.76
             640.62,354.76 640.62,392.97 640.62,392.97
             640.62,392.97 660.27,392.97 660.27,392.97
             660.27,392.97 660.27,346.91 660.27,346.91
             660.27,332.12 653.59,324.93 640.49,324.93M 709.09,324.93
           C 701.36,324.93 690.35,326.11 682.50,327.54
             682.50,327.54 683.41,341.55 683.41,341.55
             691.01,340.89 698.60,340.36 705.55,340.36
             715.77,340.36 718.91,342.07 718.91,352.14
             718.91,352.14 718.91,352.80 718.91,352.80
             714.46,352.41 709.75,352.14 705.55,352.28
             686.56,352.28 677.92,357.38 677.92,372.68
             677.92,385.64 686.04,394.28 700.31,394.28
             708.83,394.28 715.77,391.13 721.40,386.16
             721.40,386.16 725.46,392.97 725.46,392.97
             725.46,392.97 738.56,392.97 738.56,392.97
             738.56,392.97 738.56,351.62 738.56,351.62
             738.56,330.69 731.49,324.93 709.09,324.93M 697.04,372.43
           C 697.04,367.33 699.66,364.57 706.61,364.44
             709.48,364.44 714.20,364.71 718.91,364.97
             718.91,364.97 718.91,376.61 718.91,376.61
             715.64,378.83 711.71,380.41 707.25,380.41
             700.44,380.41 697.04,377.27 697.04,372.43M 797.85,377.53
           C 794.57,378.05 790.64,378.31 787.76,378.31
             780.16,378.31 778.98,376.87 778.98,367.06
             778.98,367.06 778.98,342.20 778.98,342.20
             778.98,342.20 794.70,342.20 794.70,342.20
             794.70,342.20 794.70,326.24 794.70,326.24
             794.70,326.24 778.98,326.24 778.98,326.24
             778.98,326.24 778.98,308.44 778.98,308.44
             778.98,308.44 759.34,313.94 759.34,313.94
             759.34,313.94 759.34,371.90 759.34,371.90
             759.34,389.70 766.41,394.28 780.94,394.28
             786.71,394.28 794.44,393.10 798.90,391.66
             798.90,391.66 797.85,377.53 797.85,377.53 Z
           M 848.17,329.12
           C 850.41,329.12 853.42,329.25 857.22,329.64
             857.22,329.64 858.13,316.55 858.13,316.55
             853.94,315.25 847.13,314.21 840.59,314.21
             823.16,314.21 817.27,319.96 817.27,337.36
             817.27,337.36 817.27,407.10 817.27,407.10
             817.27,407.10 836.92,407.10 836.92,407.10
             836.92,407.10 836.92,356.33 836.92,356.33
             836.92,356.33 853.94,356.33 853.94,356.33
             853.94,356.33 853.94,340.50 853.94,340.50
             853.94,340.50 836.92,340.50 836.92,340.50
             837.18,330.30 838.75,329.12 848.17,329.12M 937.90,340.37
           C 937.90,340.37 917.08,340.37 917.08,340.37
             917.08,340.37 903.72,394.15 903.72,394.15
             903.72,394.15 890.49,340.37 890.49,340.37
             890.49,340.37 869.79,340.37 869.79,340.37
             869.79,340.37 889.30,407.10 889.30,407.10
             889.30,407.10 900.18,407.10 900.18,407.10
             900.18,407.10 893.88,428.69 893.88,428.69
             893.88,428.69 912.10,428.69 912.10,428.69
             912.10,428.69 937.90,340.37 937.90,340.37 Z
           M 978.94,479.46
           C 978.94,479.46 945.27,479.46 945.27,479.46
             945.27,479.46 977.64,445.18 977.64,445.18
             977.64,445.18 977.64,428.69 977.64,428.69
             977.64,428.69 924.58,428.69 924.58,428.69
             924.58,428.69 924.58,444.65 924.58,444.65
             924.58,444.65 955.62,444.65 955.62,444.65
             955.62,444.65 948.02,376.48 948.02,376.48
             948.02,376.48 948.02,392.97 948.02,392.97
             948.02,392.97 1003.69,392.97 1003.69,392.97
             1003.69,392.97 1003.69,377.01 1003.69,377.01" />
</svg>
